51 * 5 7 8 10 10 12 12 13 15 15
52 * 5 7 8 10 11 12 1 13 15 15
53 * 5 7 9 10 11 12 12 14 15 16
54 * 5 7 9 10 11 12 13 14 15 16
55 * 5 7 10 10 11 12 13 14 16 16
56 * 5 8 10 10 11 12 13 15 16 16
57 * 5 8 10 11 11 12 13 15 16 17
58 * 5 8 10 11 12 12 13 15 16 17
59 * 5 9 10 11 12 12 14 15 16 17
60 * 5 9 10 11 12 13 14 15 16 18
61 * 5 9 10 11 12 13 14 16 17 18
62 * 5 9 10 11 13 13 14 16 17 18
63 * 5 9 10 11 13 13 15 17 17 18
64 * 5 9 10 11 13 14 15 17 17 18
65 * 5 9 10 12 13 14 15 17 18 18
66 * 5 9 10 12 13 15 15 17 18 19
67 * 5 9 10 12 13 15 16 17 19 19
68 * 5 9 10 12 14 15 16 17 19 19
69 * 5 9 10 12 14 16 16 17 19 19
70 * 5 9 10 12 14 16 17 18 19 19
71 * 5 9 10 13 14 16 17 18 19 20
72 * 5 9 10 13 15 16 17 18 19 20
73 * 5 9 10 13 15 16 17 19 20 21
74 * 6 9 10 13 15 16 18 19 20 21
75 * 6 9 10 13 16 16 18 19 20 21
76 * 6 9 10 13 16 17 18 19 20 21
77 * 6 9 10 13 16 17 18 20 21 22
78 * 6 9 10 13 16 17 19 20 22 23
79 * 6 9 10 13 16 18 19 20 22 23
80 * 6 9 10 13 16 18 20 21 22 23
81 * 6 9 10 14 17 18 20 21 22 23
82 * 6 9 10 14 17 18 20 21 22 24
83 * 6 9 11 14 17 18 20 21 23 24
84 * 6 9 11 14 17 19 20 21 23 24
85 * 6 9 11 14 17 19 21 22 23 24
86 * 7 10 11 14 17 19 21 22 23 25
87 * 7 10 12 14 17 19 21 22 24 25
88 * 7 10 12 14 18 19 21 22 24 25
89 * 7 10 12 15 18 19 21 22 24 26
90 * 7 10 12 15 18 19 21 23 25 26
91 * 7 11 13 15 18 19 21 23 25 26
92 * 7 11 13 15 18 20 21 23 25 27
93 * 8 11 13 15 18 20 22 23 25 27
94 * 8 11 13 16 18 20 22 23 25 28
95 * 8 11 14 16 18 20 22 23 26 28
96 * 8 11 14 16 19 20 22 23 26 28
97 * 8 12 14 16 19 20 22 24 26 28
98 * 8 12 15 16 19 20 22 24 27 28
99 * 8 12 15 17 19 20 22 24 27 29
100 * 8 12 15 18 19 20 22 24 27 30